./CNF Formulas\uf20-0156.cnf
DPLL
0.0009932518005371094

WALFSat
0.04207563400268555
0.05455136299133301
0.04011273384094238
0.05637693405151367
0.035095930099487305
0.24422216415405273
0.07680821418762207
0.04706978797912598
0.04848361015319824
0.09053826332092285

GSAT
0.006094932556152344
0.01193690299987793
0.024667978286743164
0.033022403717041016
0.04754233360290527
0.014019012451171875
0.00849294662475586
0.008295297622680664
0.015642404556274414
0.010021686553955078
./CNF Formulas\uf20-0157.cnf
DPLL
0.00099945068359375

WALFSat
0.15689563751220703
0.07291221618652344
0.008025407791137695
0.01209259033203125
0.02402043342590332
0.06922769546508789
0.018006086349487305
0.03999948501586914
0.04448723793029785
0.07001543045043945

GSAT
0.02000570297241211
0.01954364776611328
0.0370020866394043
0.013997793197631836
0.016302824020385742
0.03851628303527832
0.002019643783569336
0.003010272979736328
0.014100313186645508
0.0017940998077392578
./CNF Formulas\uf20-0158.cnf
DPLL
0.0010218620300292969

WALFSat
0.019999980926513672
0.05469346046447754
0.0034155845642089844
0.021050691604614258
0.09118151664733887
0.015998363494873047
0.08352088928222656
0.02100658416748047
0.06928396224975586
0.024981021881103516

GSAT
0.006998777389526367
0.002000570297241211
0.024897098541259766
0.0050601959228515625
0.0030052661895751953
0.013509035110473633
0.00567936897277832
0.019515037536621094
0.004998445510864258
0.005003690719604492
./CNF Formulas\uf20-0159.cnf
DPLL
0.0009949207305908203

WALFSat
0.23518991470336914
0.06783604621887207
0.03300023078918457
0.04737067222595215
0.0752406120300293
0.048459529876708984
0.06205487251281738
0.022527456283569336
0.09575033187866211
0.06411051750183105

GSAT
0.011023283004760742
0.00850987434387207
0.009000539779663086
0.021421194076538086
0.008043527603149414
0.023263216018676758
0.015273571014404297
0.011003971099853516
0.013507843017578125
0.004509925842285156
./CNF Formulas\uf20-0160.cnf
DPLL
0.002004861831665039

WALFSat
0.2330760955810547
0.04939389228820801
0.20425939559936523
0.04578232765197754
0.24582266807556152
0.002513408660888672
0.052568912506103516
0.16999602317810059
0.09386086463928223
0.23526358604431152

GSAT
0.027005434036254883
0.22805547714233398
0.04137420654296875
0.05416584014892578
0.017569780349731445
0.007976531982421875
0.0026781558990478516
0.012006759643554688
0.02599954605102539
0.07471799850463867
./CNF Formulas\uf20-0161.cnf
DPLL
0.0010454654693603516

WALFSat
0.039137840270996094
0.20904922485351562
0.07572197914123535
0.053583383560180664
0.009052276611328125
0.03299975395202637
0.008997678756713867
0.09213495254516602
0.04669642448425293
0.14490389823913574

GSAT
0.025043249130249023
0.020215511322021484
0.026633262634277344
0.01112222671508789
0.01197504997253418
0.004956245422363281
0.0057561397552490234
0.008443117141723633
0.016007661819458008
0.026901721954345703
./CNF Formulas\uf20-0162.cnf
DPLL
0.002000570297241211

WALFSat
0.23289823532104492
0.23414182662963867
0.23819518089294434
0.23772239685058594
0.23523759841918945
0.23673295974731445
0.2381305694580078
0.23559069633483887
0.24010491371154785
0.23017024993896484

GSAT
0.424236536026001
0.4179573059082031
0.42093658447265625
0.42908692359924316
0.4189269542694092
0.4235670566558838
0.43204164505004883
0.41980695724487305
0.44233179092407227
0.4476807117462158
./CNF Formulas\uf20-0163.cnf
DPLL
0.0

WALFSat
0.09544658660888672
0.08262968063354492
0.020982027053833008
0.03901529312133789
0.013031005859375
0.012567520141601562
0.02400064468383789
0.030240774154663086
0.020006895065307617
0.02456045150756836

GSAT
0.002958536148071289
0.0021338462829589844
0.009885787963867188
0.00500798225402832
0.0024874210357666016
0.003006458282470703
0.0020287036895751953
0.00202178955078125
0.004000663757324219
0.020183086395263672
./CNF Formulas\uf20-0164.cnf
DPLL
0.0011262893676757812

WALFSat
0.003880023956298828
0.004012107849121094
0.008031606674194336
0.029724597930908203
0.013033628463745117
0.0020046234130859375
0.002000570297241211
0.01944756507873535
0.019521474838256836
0.016304492950439453

GSAT
0.005006551742553711
0.005537509918212891
0.00401759147644043
0.0019805431365966797
0.0020003318786621094
0.005019426345825195
0.0025739669799804688
0.0019812583923339844
0.004866361618041992
0.013023853302001953
./CNF Formulas\uf20-0165.cnf
DPLL
0.0009984970092773438

WALFSat
0.041004180908203125
0.011995553970336914
0.017035961151123047
0.02456808090209961
0.011976480484008789
0.07000374794006348
0.017566680908203125
0.016999483108520508
0.013000011444091797
0.02800726890563965

GSAT
0.0010187625885009766
0.004976749420166016
0.0030002593994140625
0.015038251876831055
0.006508350372314453
0.004020214080810547
0.011979818344116211
0.0009996891021728516
0.0010008811950683594
0.006999015808105469
./CNF Formulas\uf50-01.cnf
DPLL
0.02468562126159668

WALFSat
0.5058965682983398
0.49887704849243164
0.4949958324432373
0.5157825946807861
0.4998664855957031
0.4836571216583252
0.5018084049224854
0.5101783275604248
0.49495434761047363
0.49736642837524414

GSAT
0.9404392242431641
0.9395492076873779
0.9103536605834961
0.8088173866271973
0.614091157913208
0.942960262298584
0.9298133850097656
0.9319872856140137
0.7997148036956787
0.907386064529419
./CNF Formulas\uf50-010.cnf
DPLL
0.01599884033203125

WALFSat
0.4868967533111572
0.4857766628265381
0.48485779762268066
0.4934687614440918
0.48494505882263184
0.49460697174072266
0.4856882095336914
0.4813103675842285
0.4767735004425049
0.4912526607513428

GSAT
0.925682783126831
0.9232268333435059
0.9205532073974609
0.9302449226379395
0.9243805408477783
0.052294015884399414
0.926121711730957
0.9216408729553223
0.9343996047973633
0.9295501708984375
./CNF Formulas\uf50-02.cnf
DPLL
0.09383893013000488

WALFSat
0.4858849048614502
0.47725892066955566
0.48871517181396484
0.4813120365142822
0.4856984615325928
0.5125372409820557
0.5084681510925293
0.5151453018188477
0.4862511157989502
0.4873061180114746

GSAT
0.9370756149291992
0.9350128173828125
0.9155750274658203
0.9149582386016846
0.9124243259429932
0.9140150547027588
0.9175384044647217
0.9069919586181641
0.9048357009887695
0.9130938053131104
./CNF Formulas\uf50-03.cnf
DPLL
0.0027430057525634766

WALFSat
0.4876084327697754
0.48789477348327637
0.49405431747436523
0.4945404529571533
0.4897911548614502
0.4759335517883301
0.4983029365539551
0.47942066192626953
0.4906196594238281
0.47939133644104004

GSAT
0.08089542388916016
0.1966567039489746
0.03705716133117676
0.0728156566619873
0.1647191047668457
0.2576732635498047
0.11761188507080078
0.14995741844177246
0.04882407188415527
0.022511959075927734
./CNF Formulas\uf50-04.cnf
DPLL
0.06848025321960449

WALFSat
0.47764062881469727
0.4796473979949951
0.47473931312561035
0.4779846668243408
0.47638726234436035
0.48313164710998535
0.48575353622436523
0.4813714027404785
0.4832954406738281
0.4850621223449707

GSAT
0.023433923721313477
0.9117279052734375
0.9140462875366211
0.9034225940704346
0.9128766059875488
0.12409114837646484
0.912482500076294
0.8557555675506592
0.9184958934783936
0.9062414169311523
./CNF Formulas\uf50-05.cnf
DPLL
0.005120992660522461

WALFSat
0.487454891204834
0.4949767589569092
0.48833799362182617
0.48894810676574707
0.4820525646209717
0.4953024387359619
0.49622082710266113
0.49387502670288086
0.5150132179260254
0.5224370956420898

GSAT
0.19365310668945312
0.1216731071472168
0.09123778343200684
0.05355548858642578
0.03453707695007324
0.03307938575744629
0.043089866638183594
0.03151726722717285
0.042257070541381836
0.06752324104309082
./CNF Formulas\uf50-06.cnf
DPLL
0.004041910171508789

WALFSat
0.5060036182403564
0.4907824993133545
0.48326659202575684
0.4844233989715576
0.49901294708251953
0.5054609775543213
0.49137091636657715
0.4834282398223877
0.4797029495239258
0.4871704578399658

GSAT
0.9023635387420654
0.9091007709503174
0.9683117866516113
0.9550440311431885
0.909238338470459
0.916003942489624
0.905388593673706
0.7257270812988281
0.943286657333374
0.9069545269012451
./CNF Formulas\uf50-07.cnf
DPLL
0.007000446319580078

WALFSat
0.48887038230895996
0.48547959327697754
0.505317211151123
0.49197840690612793
0.5000355243682861
0.5202722549438477
0.5205385684967041
0.5070939064025879
0.49709296226501465
0.4970431327819824

GSAT
0.9436230659484863
0.9210741519927979
0.9412610530853271
0.9212768077850342
0.9237680435180664
0.9533815383911133
0.9514529705047607
0.9393882751464844
0.8863999843597412
0.9485981464385986
./CNF Formulas\uf50-08.cnf
DPLL
0.046025753021240234

WALFSat
0.5405435562133789
0.49456071853637695
0.5070006847381592
0.5097019672393799
0.5193049907684326
0.5205700397491455
0.5094265937805176
0.519057035446167
0.5036988258361816
0.49859619140625

GSAT
0.9295201301574707
0.933375358581543
0.9179792404174805
0.9133763313293457
0.9166088104248047
0.05257368087768555
0.935253381729126
0.9293618202209473
0.9168343544006348
0.9295012950897217
./CNF Formulas\uf50-09.cnf
DPLL
0.08693599700927734

WALFSat
0.49417757987976074
0.48909616470336914
0.49222755432128906
0.4951183795928955
0.4904942512512207
0.4854316711425781
0.5018377304077148
0.48076367378234863
0.49045777320861816
0.4845850467681885

GSAT
0.6365535259246826
0.404278039932251
0.602557897567749
0.9239232540130615
0.8541655540466309
0.9358932971954346
0.38860321044921875
0.9276394844055176
0.5530869960784912
0.9201817512512207
./CNF Formulas\uf75-01.cnf
DPLL
0.1055765151977539

WALFSat
0.6948587894439697
0.7025444507598877
0.693350076675415
0.6795275211334229
0.7061715126037598
0.6915881633758545
0.6918072700500488
0.705040454864502
0.6914670467376709
0.7094178199768066

GSAT
1.329880952835083
1.3296973705291748
1.3190357685089111
1.327211856842041
1.330739974975586
1.3310039043426514
1.326005458831787
1.316922664642334
1.3218226432800293
0.4262557029724121
./CNF Formulas\uf75-010.cnf
DPLL
0.05171680450439453

WALFSat
0.7014510631561279
0.6955978870391846
0.6982576847076416
0.6899712085723877
0.704944372177124
0.693209171295166
0.7038538455963135
0.6873345375061035
0.696784257888794
0.6949059963226318

GSAT
1.3437488079071045
1.3531608581542969
0.22034788131713867
0.7005181312561035
0.20137882232666016
1.358358383178711
0.9462542533874512
0.2540717124938965
0.5063686370849609
1.3515963554382324
./CNF Formulas\uf75-02.cnf
DPLL
0.31360721588134766

WALFSat
0.6861186027526855
0.6911849975585938
0.6891989707946777
0.6841001510620117
0.6768288612365723
0.6900110244750977
0.6826980113983154
0.6800298690795898
0.6959834098815918
0.6945085525512695

GSAT
1.3131256103515625
1.0227584838867188
1.3159477710723877
0.38770103454589844
1.3062002658843994
1.3045942783355713
1.3097515106201172
0.10615134239196777
1.3021328449249268
1.3034405708312988
./CNF Formulas\uf75-03.cnf
DPLL
0.2990422248840332

WALFSat
0.7043750286102295
0.700239896774292
0.6842079162597656
0.6878588199615479
0.6943271160125732
0.6839902400970459
0.6898529529571533
0.6728639602661133
0.6759865283966064
0.6834537982940674

GSAT
1.3035156726837158
1.300213098526001
1.30607008934021
1.2959015369415283
1.2993006706237793
1.2944037914276123
1.2935481071472168
1.2972750663757324
1.3039815425872803
1.2966365814208984
./CNF Formulas\uf75-04.cnf
DPLL
0.9627335071563721

WALFSat
0.6843562126159668
0.6890132427215576
0.683903694152832
0.6941111087799072
0.6969268321990967
0.6863429546356201
0.6811578273773193
0.695143461227417
0.6855762004852295
0.6867210865020752

GSAT
1.3026437759399414
1.3026149272918701
1.2979962825775146
1.2988193035125732
1.299168348312378
1.3111391067504883
1.2984166145324707
1.315809726715088
1.3045158386230469
1.3017077445983887
./CNF Formulas\uf75-05.cnf
DPLL
2.031311511993408

WALFSat
0.7042100429534912
0.7026593685150146
0.6843132972717285
0.7079317569732666
0.7020652294158936
0.6973891258239746
0.7074062824249268
0.6944470405578613
0.7035865783691406
0.696235179901123

GSAT
1.3270645141601562
1.3289105892181396
1.3278496265411377
1.3173985481262207
1.3189897537231445
1.3242051601409912
1.316941499710083
1.3294179439544678
1.3257942199707031
1.336949110031128
./CNF Formulas\uf75-06.cnf
DPLL
0.47478246688842773

WALFSat
0.7130088806152344
0.7070348262786865
0.7072906494140625
0.6980001926422119
0.7548956871032715
0.7263638973236084
0.7161483764648438
0.7122125625610352
0.6918678283691406
0.7052946090698242

GSAT
1.3225948810577393
1.3177382946014404
1.3180897235870361
1.3261830806732178
1.3255953788757324
1.316310167312622
1.3232183456420898
1.3188893795013428
1.3348894119262695
1.3169281482696533
./CNF Formulas\uf75-07.cnf
DPLL
0.41162610054016113

WALFSat
0.7004909515380859
0.7037577629089355
0.7057819366455078
0.6901142597198486
0.7047226428985596
0.6938271522521973
0.709047794342041
0.6973090171813965
0.6941840648651123
0.7044820785522461

GSAT
1.327317714691162
1.323734998703003
1.3292336463928223
1.3280367851257324
1.3214960098266602
1.3169212341308594
1.3229882717132568
1.3152797222137451
1.3220200538635254
1.3236277103424072
./CNF Formulas\uf75-08.cnf
DPLL
1.6112077236175537

WALFSat
0.6941144466400146
0.6819992065429688
0.691964864730835
0.7053911685943604
0.6950240135192871
0.6878979206085205
0.6878330707550049
0.6817877292633057
0.6851537227630615
0.6724977493286133

GSAT
1.3052396774291992
1.302377462387085
1.3028547763824463
1.3049516677856445
1.3055295944213867
1.30615234375
1.302206039428711
1.309828758239746
1.305922508239746
1.2982802391052246
./CNF Formulas\uf75-09.cnf
DPLL
0.005990743637084961

WALFSat
0.7079966068267822
0.6925361156463623
0.6795163154602051
0.6871364116668701
0.6877295970916748
0.6907947063446045
0.698033332824707
0.7003376483917236
0.7017273902893066
0.7005221843719482

GSAT
1.328460693359375
1.3131136894226074
1.3302245140075684
1.318894863128662
1.315885066986084
1.3216044902801514
1.327730417251587
0.23677635192871094
1.3265929222106934
1.330416202545166
./CNF Formulas\uuf50-01.cnf
DPLL
0.1593153476715088

WALFSat
0.49823856353759766
0.48577022552490234
0.4862842559814453
0.5541222095489502
0.479508638381958
0.4863622188568115
0.492504358291626
0.48374366760253906
0.48488736152648926
0.48442721366882324

GSAT
0.9065036773681641
0.9059188365936279
0.9156646728515625
0.9128236770629883
0.9039287567138672
0.9028012752532959
0.8986086845397949
0.929241418838501
0.9140884876251221
0.9046940803527832
./CNF Formulas\uuf50-010.cnf
DPLL
0.13254022598266602

WALFSat
0.49053192138671875
0.49666905403137207
0.48617076873779297
0.4961545467376709
0.48540687561035156
0.48318028450012207
0.4923863410949707
0.4852738380432129
0.4799027442932129
0.48881077766418457

GSAT
0.8997681140899658
0.9097394943237305
0.9040732383728027
0.9016551971435547
0.9253966808319092
0.8942875862121582
0.8994143009185791
0.911085844039917
0.9142889976501465
0.9044902324676514
./CNF Formulas\uuf50-02.cnf
DPLL
0.07364082336425781

WALFSat
0.48812127113342285
0.4813516139984131
0.4831867218017578
0.488466739654541
0.48982691764831543
0.4866306781768799
0.48230814933776855
0.4826083183288574
0.49577784538269043
0.489837646484375

GSAT
0.9111700057983398
0.9198741912841797
0.9126756191253662
0.9121119976043701
0.9194109439849854
0.9088442325592041
0.9169909954071045
0.9159204959869385
0.9157359600067139
0.9093458652496338
./CNF Formulas\uuf50-03.cnf
DPLL
0.15261554718017578

WALFSat
0.49173974990844727
0.4802374839782715
0.49367284774780273
0.4860367774963379
0.4836742877960205
0.4912228584289551
0.48679566383361816
0.4874405860900879
0.48218655586242676
0.4890155792236328

GSAT
0.9216446876525879
0.9135940074920654
0.9022121429443359
0.9069795608520508
0.9052138328552246
0.9123780727386475
0.9183719158172607
0.9164860248565674
0.9123992919921875
0.9067928791046143
./CNF Formulas\uuf50-04.cnf
DPLL
0.06793808937072754

WALFSat
0.4866647720336914
0.4881553649902344
0.4835972785949707
0.49114465713500977
0.48152804374694824
0.4904794692993164
0.47652363777160645
0.49254894256591797
0.48340630531311035
0.49007201194763184

GSAT
0.9058105945587158
0.8934073448181152
0.8923215866088867
0.9055118560791016
0.9018023014068604
0.8954830169677734
0.9045288562774658
0.9008405208587646
0.9000954627990723
0.9043593406677246
./CNF Formulas\uuf50-05.cnf
DPLL
0.1285247802734375

WALFSat
0.49771547317504883
0.4942507743835449
0.4909381866455078
0.4813809394836426
0.4822537899017334
0.4887533187866211
0.4796297550201416
0.47913026809692383
0.4722104072570801
0.48342370986938477

GSAT
0.8974349498748779
0.9055619239807129
0.9014167785644531
0.9183144569396973
0.9054884910583496
0.913576602935791
0.9038777351379395
0.9112062454223633
0.9229073524475098
0.9087009429931641
./CNF Formulas\uuf50-06.cnf
DPLL
0.19924497604370117

WALFSat
0.48375678062438965
0.4905660152435303
0.49030423164367676
0.5026576519012451
0.48574066162109375
0.4890270233154297
0.47868895530700684
0.4873495101928711
0.4918076992034912
0.4884181022644043

GSAT
0.9135239124298096
0.9258801937103271
0.921912670135498
0.9183573722839355
0.921403169631958
0.9200406074523926
0.9158954620361328
0.9178037643432617
0.9196262359619141
0.9113526344299316
./CNF Formulas\uuf50-07.cnf
DPLL
0.13406729698181152

WALFSat
0.4829866886138916
0.48206591606140137
0.4878668785095215
0.48482513427734375
0.48177146911621094
0.46928930282592773
0.4823174476623535
0.4782280921936035
0.4832744598388672
0.4777209758758545

GSAT
0.9018728733062744
0.9000506401062012
0.9019584655761719
0.9032902717590332
0.8974580764770508
0.9242165088653564
0.9505925178527832
0.9491989612579346
0.9452967643737793
0.9416935443878174
./CNF Formulas\uuf50-08.cnf
DPLL
0.16744661331176758

WALFSat
0.48718881607055664
0.5170860290527344
0.5057322978973389
0.4876539707183838
0.5001945495605469
0.5136327743530273
0.5012264251708984
0.48624086380004883
0.4991264343261719
0.4845709800720215

GSAT
0.9240188598632812
0.9272973537445068
0.9352977275848389
0.9724059104919434
0.9405515193939209
0.9167070388793945
0.9356789588928223
0.9485454559326172
0.9126019477844238
0.904273271560669
./CNF Formulas\uuf50-09.cnf
DPLL
0.07886838912963867

WALFSat
0.4928281307220459
0.48417210578918457
0.48555564880371094
0.4874889850616455
0.48474931716918945
0.4942343235015869
0.5014519691467285
0.520115852355957
0.5119137763977051
0.49225878715515137

GSAT
1.0532758235931396
1.044410228729248
1.039214849472046
0.9173204898834229
0.9181091785430908
0.9041697978973389
0.8968839645385742
0.908949613571167
0.9063191413879395
0.9029843807220459
./CNF Formulas\uuf75-01.cnf
DPLL
1.4290266036987305

WALFSat
0.7026972770690918
0.6965274810791016
0.6918401718139648
0.6875319480895996
0.7170431613922119
0.6991145610809326
0.7066190242767334
0.6995844841003418
0.6971783638000488
0.6955211162567139

GSAT
1.3164937496185303
1.3230845928192139
1.3138561248779297
1.3218848705291748
1.3221240043640137
1.3285694122314453
1.3162989616394043
1.3252475261688232
1.3291358947753906
1.320737361907959
./CNF Formulas\uuf75-010.cnf
DPLL
2.759241819381714

WALFSat
0.7012114524841309
0.6821398735046387
0.6961002349853516
0.696343183517456
0.6863877773284912
0.6810133457183838
0.6990499496459961
0.685516357421875
0.6868834495544434
0.6859323978424072

GSAT
1.3057975769042969
1.3314423561096191
1.313741683959961
1.31174635887146
1.3129854202270508
1.3170950412750244
1.3172633647918701
1.3062593936920166
1.3102939128875732
1.3223297595977783
./CNF Formulas\uuf75-02.cnf
DPLL
1.6672894954681396

WALFSat
0.6906840801239014
0.6972579956054688
0.6892399787902832
0.7100961208343506
0.7069656848907471
0.6836283206939697
0.6944148540496826
0.6979751586914062
0.6843419075012207
0.7048995494842529

GSAT
1.3067102432250977
1.3073954582214355
1.316474199295044
1.3154289722442627
1.304771900177002
1.3161044120788574
1.3116340637207031
1.3050572872161865
1.3140769004821777
1.3072030544281006
./CNF Formulas\uuf75-03.cnf
DPLL
2.1287035942077637

WALFSat
0.6902515888214111
0.6892983913421631
0.6957924365997314
0.6969723701477051
0.6890561580657959
0.7039980888366699
0.6766061782836914
0.6881370544433594
0.6865382194519043
0.685197114944458

GSAT
1.3177881240844727
1.3036856651306152
1.3058862686157227
1.3132178783416748
1.3817133903503418
1.3509013652801514
1.4795026779174805
1.3614530563354492
2.7713491916656494
3.0747618675231934
./CNF Formulas\uuf75-04.cnf
DPLL
2.2234652042388916

WALFSat
1.5099587440490723
1.5647928714752197
1.6042022705078125
1.5377495288848877
1.5008881092071533
1.525866985321045
1.5429227352142334
1.5466923713684082
1.4711389541625977
1.4808118343353271

GSAT
3.0109729766845703
2.8160738945007324
3.2490007877349854
3.1145408153533936
3.161473274230957
2.9667210578918457
3.0158209800720215
2.9863901138305664
2.955521821975708
2.949695587158203
./CNF Formulas\uuf75-05.cnf
DPLL
5.777474880218506

WALFSat
1.5648386478424072
1.630246877670288
1.5982129573822021
1.6286966800689697
1.6311051845550537
1.5655148029327393
1.536005973815918
1.5379674434661865
1.5653471946716309
1.4923763275146484

GSAT
2.9180595874786377
3.2709567546844482
2.900951623916626
3.462778329849243
3.36911678314209
2.6102824211120605
1.3494696617126465
1.2958509922027588
1.291741132736206
1.292637825012207
./CNF Formulas\uuf75-06.cnf
DPLL
0.9834308624267578

WALFSat
0.6943836212158203
0.6949238777160645
0.7045843601226807
0.7184469699859619
0.7338016033172607
0.6988611221313477
0.6945145130157471
0.7560727596282959
0.7276332378387451
0.7161178588867188

GSAT
1.3363959789276123
1.3269686698913574
1.3518853187561035
1.347548007965088
1.325226068496704
1.3140614032745361
1.3055415153503418
1.3030402660369873
1.3102638721466064
1.294114589691162
./CNF Formulas\uuf75-07.cnf
DPLL
1.6934127807617188

WALFSat
0.6926884651184082
0.6966633796691895
0.695122480392456
0.6948015689849854
0.6825282573699951
0.6900806427001953
0.6937217712402344
0.7003395557403564
0.6878855228424072
0.6928853988647461

GSAT
1.3135437965393066
1.3112573623657227
1.3125860691070557
1.3060061931610107
1.3106908798217773
1.30997633934021
1.3091082572937012
1.3074405193328857
1.3026630878448486
1.3119423389434814
./CNF Formulas\uuf75-08.cnf
DPLL
0.7200949192047119

WALFSat
0.705467939376831
0.6818125247955322
0.6780147552490234
0.6882448196411133
0.6913447380065918
0.6936194896697998
0.6916627883911133
0.6866276264190674
0.6807475090026855
0.6865634918212891

GSAT
1.2944223880767822
1.2911674976348877
1.2952747344970703
1.2978582382202148
1.3019616603851318
1.294966697692871
1.295708179473877
1.2922496795654297
1.2926833629608154
1.3062310218811035
./CNF Formulas\uuf75-09.cnf
DPLL
1.209165334701538

WALFSat
0.690500020980835
0.6868789196014404
0.7015707492828369
0.6981980800628662
0.6921730041503906
0.6996088027954102
0.6981604099273682
0.6979122161865234
0.7112462520599365
0.6984996795654297

GSAT
1.3276066780090332
1.3444125652313232
1.3215398788452148
1.332536220550537
1.3351495265960693
1.3282134532928467
1.3262641429901123
1.3413097858428955
1.3369176387786865
1.3289904594421387
